31826950171
31670912121
21189877863
31983372948
21668982447
31373862910
31951668934
1093530436
11751228664
21090605792
11298437719
21125978660
1328841535
11336095382
31198642992
21611699539
21662927927
21927774120
11511421505
1289457640
11320571087
11412395843
11770803567
11359308241
31946779424
31154004101
21397280159
11287115211
11318302586
1584820231
31413780867
31874800143
31491759069
31087298393
21809549355
31183376966
11982741576
31932842296
11136394879
1886482759
1162864954
31376897553
21774185992
21716538039
31792421911
21647711615
1690542465
31569241666
31881826388
21117368422
31551005190
31166694724
31634142056
11145112833
1842545134
1658487470
21449237780
31024333516
31156236646
21029981015
31075672670
21827371776
31591159851
11918881199
31133023094
1142978829
21294775670
21978269843
31472091594
31025806996
21153636167
1323378762
31798633951
1179631244
21990777501
21772257309
31211342522
31917860173
1123674367
21152178501
31729062093
11676495808
11883071259
31127932150
1347536765
11551113713
31998582860
11422070998
11617942144
1889316675
1583622572
21032913066
31539119174
1338166391
21682901416
31741442604
21065377057
1524564603
31954258903
21839992364
21417584877
21496231475
11037230297
1639147424
21993513239
11115201687
11234169633
11495223898
11049641259
11845144316
1573476851
31756098699
11684565164
11172282343
11782542351
11349240475
21285896903
11491849446
21207490384
11518721725
11224889937
31341015628
11112937873
11035233656
31133719616
31959837062
21721302604
21366203538
31471028974
